743,546,756,546,757,547,770,547,775,549,777,550,777,552,775,553,764,554,745,551,737,551,734,548,737,545,742,545,0.7969474777579307
462,498,463,497,476,497,477,498,486,498,487,499,489,499,491,501,491,505,467,504,465,504,464,503,462,502,0.8274345592166601
697,371,698,371,698,375,696,377,677,377,677,370,696,370,0.8435228600430844
634,376,632,376,630,375,630,372,631,370,658,370,660,371,660,373,660,376,660,377,635,377,0.8038766083150807
718,370,718,374,717,376,700,376,698,375,698,371,699,370,700,370,701,369,716,369,0.882416711814368
743,377,739,376,737,377,725,377,724,376,722,375,720,373,720,372,721,370,722,369,724,368,727,368,729,367,731,368,732,368,734,367,736,368,748,368,750,369,751,371,751,374,750,376,749,377,747,378,745,378,0.8738757275399709
691,341,701,341,703,343,703,346,701,348,700,348,700,350,699,350,697,348,693,348,691,346,691,345,690,343,0.6743320213122802
670,341,671,342,672,345,672,348,671,350,668,352,644,352,641,351,639,349,638,346,639,345,638,343,639,341,642,339,665,340,667,340,0.8378137516326645
633,342,633,349,632,351,629,351,626,348,626,343,627,341,631,341,0.800047081929666
720,339,740,339,742,340,744,342,745,347,744,350,741,352,709,351,706,349,705,350,702,349,701,347,701,345,700,343,701,341,704,339,717,338,0.9014718038736333
689,322,691,324,693,329,693,332,691,335,688,336,632,337,630,337,624,334,622,331,621,328,622,326,624,323,626,321,686,321,0.8280080821862449
740,318,740,321,741,325,741,328,740,330,739,332,737,333,719,334,717,335,703,335,700,333,697,329,698,327,700,321,702,320,704,321,705,320,733,318,734,317,737,317,0.9034112318043123
725,308,726,310,724,313,714,317,713,317,625,318,623,317,622,315,623,313,626,310,628,309,723,307,0.916485927483347
740,265,755,265,759,266,762,268,763,269,764,272,764,276,762,277,761,278,758,280,723,280,720,279,718,276,717,271,718,268,720,266,724,264,739,264,0.9299416873464941
710,275,708,278,706,280,704,280,659,278,656,277,653,275,651,273,651,269,652,265,654,263,658,262,706,264,709,265,711,267,711,271,0.9196936356157978
643,267,643,272,642,275,641,276,638,277,630,277,627,276,625,275,624,272,624,268,625,265,626,264,629,263,633,263,636,262,642,264,0.9006711141562755
559,274,557,271,556,267,556,264,558,262,561,260,564,259,615,260,618,261,620,263,622,265,622,268,621,273,620,276,618,277,616,277,609,275,562,275,0.9200611119195232
504,272,503,271,502,268,502,265,503,262,504,261,504,260,507,259,509,259,512,258,515,259,517,258,520,259,521,260,522,260,523,263,523,268,521,271,518,273,516,274,515,274,512,273,507,273,0.9228038666199664
530,272,528,270,526,267,526,264,528,261,530,259,533,257,537,257,538,256,541,257,543,258,544,258,547,259,549,263,549,264,550,265,550,268,548,271,544,275,541,274,533,274,0.8813215003294103
473,272,471,270,470,267,471,262,471,261,472,258,476,256,485,256,489,257,494,257,496,258,499,261,500,263,500,268,499,272,498,273,494,274,486,274,482,273,477,273,0.9059887805292683
452,255,462,255,464,256,467,259,467,262,466,267,465,270,461,271,428,270,425,269,423,266,422,261,422,258,423,256,424,255,428,254,448,254,0.9300322898729579
753,226,755,229,756,231,758,240,758,244,756,248,751,249,575,248,570,247,562,240,560,237,560,233,561,229,564,227,567,226,749,225,0.9769355177163361
539,221,542,222,546,226,550,235,551,239,550,244,547,247,542,248,431,248,427,247,424,244,422,241,420,230,420,225,422,222,426,219,429,219,0.8793778695172062
649,190,654,192,656,193,659,196,660,200,661,202,661,209,660,213,658,217,652,219,590,219,586,218,582,216,579,213,577,207,577,201,578,197,581,193,586,190,591,188,0.971065566710277
561,190,565,193,566,195,569,202,570,205,569,210,567,214,564,217,560,219,430,219,425,218,420,215,417,212,416,206,416,199,417,195,420,191,423,189,557,189,0.9007596933327747
656,157,660,159,660,162,663,172,664,177,662,181,660,184,655,185,503,187,498,185,491,180,488,177,487,172,488,168,491,162,494,158,500,157,652,156,0.9342704567418761
473,158,477,159,480,163,481,166,482,173,481,177,480,180,478,184,474,186,471,187,421,187,418,186,414,183,413,181,409,171,408,166,409,163,410,161,413,158,419,156,465,156,0.9399186531532864
611,124,614,127,620,136,622,139,621,144,620,147,617,149,614,150,418,154,414,153,410,149,406,140,405,135,407,132,410,129,414,127,607,123,0.9473551073330756
547,91,551,94,555,101,556,106,555,110,554,112,550,116,547,118,543,119,439,119,435,118,432,115,430,112,431,107,435,99,438,96,443,94,543,90,0.9524383732064404
