404,790,446,804,484,803,489,804,494,808,501,821,503,827,502,832,498,837,493,840,476,845,472,846,442,846,438,845,390,834,383,831,380,827,377,822,377,813,381,799,383,794,389,790,394,788,400,788,0.9355491631224676
323,754,327,755,340,764,359,772,365,775,369,781,370,788,370,796,368,805,356,825,352,830,346,834,337,834,321,830,313,826,296,812,292,806,290,800,288,791,290,782,296,764,299,759,305,754,313,752,317,752,0.9553978433603136
691,751,697,755,699,760,699,768,697,775,694,781,691,783,627,822,621,825,544,834,539,832,533,830,530,825,528,821,527,809,528,804,531,799,539,795,599,785,661,752,668,750,686,750,0.9686010199483279
485,746,522,745,526,746,531,751,532,756,531,761,528,765,526,768,507,773,471,773,449,769,445,766,441,761,440,751,441,746,443,742,446,742,454,739,0.9413076175990037
411,732,423,734,428,737,430,739,433,746,433,751,432,756,429,760,425,763,419,764,374,751,372,750,365,746,363,742,361,737,363,729,365,724,368,721,372,719,378,719,0.9245200131023139
634,714,639,717,642,721,643,725,643,732,642,737,640,739,638,742,634,743,605,756,603,757,574,763,569,763,565,760,562,757,560,752,560,742,561,737,565,733,569,730,573,729,593,726,622,712,627,711,0.9445797072581349
703,677,708,683,712,688,713,693,712,701,710,706,706,710,700,714,699,715,669,729,664,730,657,728,652,724,648,720,647,715,647,706,648,701,653,695,673,686,678,681,682,679,691,675,697,674,0.9137240120892152
267,646,273,649,308,685,333,697,337,699,342,715,339,720,335,723,331,724,321,724,316,723,280,705,278,702,249,671,247,667,247,663,248,655,250,650,256,646,262,645,0.933512384142608
746,378,754,381,784,392,797,399,810,408,820,419,830,431,836,445,840,459,841,474,843,597,841,613,837,627,831,641,823,654,813,665,800,674,787,681,772,685,750,688,445,679,429,676,415,672,402,666,389,657,378,645,369,634,363,619,359,605,357,590,357,479,359,463,363,449,369,435,378,423,389,412,400,403,415,396,429,392,442,391,716,375,732,375,0.985452009552337
562,232,575,236,588,243,599,250,608,261,614,272,620,285,622,298,629,391,627,405,625,418,620,431,612,441,603,452,591,459,578,465,558,468,258,477,244,476,231,474,218,467,207,459,198,449,190,437,185,425,183,412,183,400,190,301,193,286,198,274,205,262,214,253,226,244,237,239,252,235,262,234,548,231,0.9939028079243067
