136,490,136,493,136,495,134,495,53,496,52,495,51,494,52,493,53,492,72,489,134,488,136,488,0.9326904387438804
187,486,188,488,188,489,187,493,187,494,185,495,149,495,147,494,146,493,147,490,149,488,151,486,185,486,0.922029491211917
231,482,232,484,233,486,232,490,231,492,229,493,203,494,200,493,199,492,198,490,198,488,199,486,201,484,203,483,204,483,227,482,229,482,0.8736320612952113
280,479,281,481,282,482,282,484,281,488,280,490,278,490,274,491,248,491,246,490,245,488,244,486,245,484,246,482,248,480,250,480,267,480,278,478,0.8881269101030337
142,463,144,464,144,467,144,469,142,475,141,477,137,478,62,481,59,480,56,478,55,474,55,470,56,467,58,465,62,463,139,462,0.946739568959237
220,455,224,457,226,459,227,461,229,465,229,469,227,471,225,473,223,474,165,477,162,477,160,475,159,472,157,467,157,464,159,461,161,460,163,459,185,456,217,454,0.9621147424133901
116,446,118,448,118,452,117,454,115,454,60,454,58,454,57,452,57,451,58,449,59,448,60,447,115,446,0.936744571875611
163,442,165,444,165,446,164,450,163,452,161,452,128,454,125,453,124,452,123,450,123,448,124,446,126,444,128,443,129,443,161,442,0.9372983652940938
168,446,169,444,169,443,169,442,172,442,173,442,174,444,174,444,175,444,175,446,175,450,175,451,173,452,171,452,170,451,169,450,168,448,0.8003142463664213
206,440,207,443,207,446,206,450,205,452,202,452,186,452,185,453,182,453,179,452,178,450,177,447,178,443,179,441,182,440,191,440,193,439,202,438,204,438,0.9364144102478703
355,403,365,408,367,410,369,412,369,416,368,418,365,421,293,457,290,457,286,457,226,429,224,427,222,424,222,421,223,418,225,416,231,411,233,410,237,410,239,410,283,431,290,431,349,403,352,402,0.931890821603199
350,324,352,325,353,328,353,331,350,334,342,338,338,338,284,312,276,314,238,336,235,337,232,336,226,332,225,329,225,327,225,324,227,323,281,296,285,296,0.9428650512030076
