884,1001,884,1004,887,1008,887,1009,888,1010,888,1017,890,1018,890,1021,887,1023,882,1023,879,1021,879,1018,878,1017,878,1014,877,1013,877,1005,878,1004,878,1003,879,1000,882,1000,0.7240952849388123
884,957,890,965,890,977,891,978,890,988,890,990,886,997,886,1000,884,1003,882,1004,879,1003,878,1001,877,999,877,991,875,988,877,985,875,965,877,963,877,960,878,957,880,956,0.7885402106552674
368,924,373,925,376,928,377,932,377,935,376,939,373,942,369,945,367,946,355,947,307,947,300,945,297,942,295,938,296,933,299,929,304,925,325,923,0.8147105349841731
360,830,373,830,377,832,378,834,381,837,381,843,378,846,377,848,373,850,357,850,355,849,348,849,346,848,344,848,340,846,338,843,337,837,338,834,340,831,344,828,359,828,0.8288029489063081
282,827,287,827,292,828,308,828,310,830,314,834,314,840,313,845,310,848,305,849,287,849,283,850,279,850,271,848,269,845,267,841,267,834,269,830,271,827,274,826,278,826,0.8420133965874685
367,778,369,779,373,781,376,783,378,787,378,794,376,799,374,800,369,803,363,803,360,801,334,801,333,800,326,799,322,797,320,795,318,791,318,788,320,783,321,779,326,777,0.8765128624303259
270,783,271,782,271,781,277,778,299,777,304,778,305,779,307,785,307,791,305,796,303,799,297,800,277,800,273,799,270,796,269,794,269,786,0.8516357952023145
356,746,360,746,361,747,364,747,367,748,369,752,369,757,368,760,364,763,352,763,351,761,348,761,340,754,340,752,339,751,340,748,344,746,348,746,350,745,355,745,0.7170173048973083
317,745,318,746,321,750,321,754,320,757,309,763,291,763,288,761,279,761,275,759,274,757,271,754,271,750,274,746,275,745,279,742,313,742,0.8666365348523664
519,458,523,461,526,466,527,477,526,483,523,486,518,489,501,492,500,492,399,494,394,493,390,489,389,483,390,474,393,468,397,466,399,465,514,457,0.9705152422155575
501,201,535,215,537,217,550,227,554,232,556,237,554,240,552,250,547,257,541,261,536,262,531,262,523,259,505,246,483,237,479,234,476,228,476,223,479,210,480,205,485,201,490,200,496,200,0.9613068437953405
455,201,458,206,458,212,455,223,454,228,446,231,404,237,367,267,361,268,356,268,353,267,346,262,342,258,342,255,340,250,340,245,344,239,381,210,386,209,446,199,451,199,0.9464448030913275
