1062,457,1063,460,1065,467,1065,470,1062,472,1059,474,1056,474,1052,476,1051,476,1047,477,1046,477,1043,478,1040,478,1038,477,1035,475,1035,469,1036,465,1039,462,1043,461,1044,461,1045,460,1048,459,1050,459,1051,458,1054,457,1055,457,1057,456,1060,456,0.8698019614715254
1168,426,1170,428,1171,431,1169,434,1168,435,1150,444,1096,461,1092,462,1089,460,1087,458,1087,455,1088,449,1090,446,1092,445,1110,437,1153,426,1155,425,1165,425,0.8496274518330748
1201,359,1207,365,1214,375,1217,380,1217,384,1216,390,1213,395,1206,399,1042,454,1037,454,1029,452,1022,448,1018,445,1016,440,1015,436,1013,422,1013,416,1015,411,1018,407,1023,402,1030,399,1190,358,1196,358,0.9084719901451895
849,215,852,217,854,221,854,224,853,227,851,229,845,232,804,238,800,237,798,235,797,232,797,225,798,222,801,220,806,218,809,217,812,218,838,214,840,214,0.9069919203008924
792,202,796,205,798,210,800,219,801,223,800,229,801,234,799,238,796,242,793,244,785,247,782,248,770,248,765,248,761,245,759,243,756,238,754,229,754,227,753,224,752,219,752,214,754,210,758,207,762,205,767,203,772,203,775,202,779,202,787,202,0.9382877105589297
810,219,802,219,799,218,798,217,797,215,797,210,799,206,802,204,811,204,815,202,824,202,826,203,828,205,828,206,829,207,829,208,830,209,830,211,829,214,827,215,822,216,820,217,814,217,0.8941263759602381
884,194,888,197,889,199,889,202,888,203,886,206,883,208,866,211,856,211,837,215,835,215,829,214,826,213,825,210,825,208,826,203,828,201,831,200,855,198,878,193,879,193,0.930656324884745
409,160,412,163,414,166,416,174,416,178,414,182,412,183,409,185,405,187,357,191,353,190,349,188,347,184,345,174,345,170,347,166,353,163,387,159,405,159,0.9554700297968729
527,153,530,156,532,159,533,167,532,171,530,174,525,177,492,182,491,182,431,183,427,182,424,179,422,175,423,172,425,164,427,160,430,158,432,158,522,152,0.9529469186934668
620,148,621,152,623,158,623,162,622,168,621,172,618,175,615,176,595,179,593,179,568,178,563,177,560,174,558,171,555,162,555,158,556,154,559,151,561,150,569,147,572,147,611,145,616,145,0.9329583626994485
627,170,624,167,623,164,621,157,621,152,623,148,626,145,630,144,647,142,661,142,664,143,667,147,667,149,668,158,667,163,665,166,662,168,659,170,636,171,629,171,0.9338156583149042
710,140,716,143,719,146,721,149,721,154,719,162,717,166,714,168,710,168,681,166,678,165,675,162,674,159,673,149,673,145,676,141,681,139,0.9364230466391845
809,133,812,136,813,138,815,145,815,149,814,152,810,154,802,156,801,157,746,160,742,159,740,157,738,153,738,146,739,142,742,139,748,136,805,132,0.9147239896361945
833,131,834,130,838,128,868,125,872,125,875,128,876,131,877,140,877,144,874,147,870,150,857,151,855,152,840,152,836,151,835,149,834,148,832,145,831,143,831,134,0.9459065424750673
958,123,959,127,960,134,960,138,956,142,951,145,947,146,897,149,896,149,889,148,885,147,882,144,882,141,881,133,881,129,884,126,888,124,950,120,954,120,0.9014142110238413
1019,114,1021,116,1023,118,1024,120,1025,125,1024,132,1022,136,1020,138,1019,139,1015,140,1012,139,982,141,980,140,976,137,973,132,972,126,973,121,975,118,978,116,980,115,988,114,992,115,1012,113,1015,113,0.9344056766657604
1030,138,1029,136,1027,134,1024,130,1023,123,1024,119,1024,118,1025,115,1031,112,1032,112,1034,112,1050,112,1054,112,1055,114,1056,115,1058,118,1059,120,1059,130,1058,134,1056,135,1053,138,1050,140,1038,140,0.9151482456724582
1112,111,1115,112,1116,116,1116,123,1115,127,1113,129,1109,130,1108,130,1104,132,1078,134,1074,133,1071,131,1070,129,1068,122,1069,117,1070,115,1072,112,1074,112,1078,111,1080,111,1109,110,0.8959561764163311
1119,122,1119,116,1120,114,1121,113,1123,112,1142,112,1144,113,1148,113,1149,116,1149,118,1146,119,1141,119,1140,122,1138,124,1133,124,1131,125,1120,125,0.8264393819229943
1199,111,1200,112,1200,114,1197,115,1196,115,1196,116,1195,117,1195,118,1194,120,1192,120,1163,121,1161,121,1159,120,1158,118,1159,116,1158,115,1159,112,1162,111,1164,111,1175,112,1180,110,1197,110,0.7765110108552803
1273,103,1275,104,1277,106,1277,109,1275,112,1273,114,1249,114,1215,119,1203,119,1201,118,1197,115,1195,113,1195,111,1199,109,1257,102,0.881777276371356
