552,308,554,310,555,312,555,316,553,320,551,322,549,323,536,323,517,326,510,326,507,325,505,321,505,318,506,316,509,313,512,311,550,307,0.9265474853562373
853,149,854,148,860,148,862,149,863,148,865,148,868,149,869,151,869,152,867,154,856,154,855,153,851,153,850,154,837,154,835,152,835,151,836,149,842,147,849,147,0.7843952655792237
506,138,507,140,508,144,508,147,506,149,504,149,406,151,403,150,402,147,402,142,403,139,406,138,503,137,0.9013041122466006
871,134,880,134,885,139,885,141,880,146,870,146,869,145,860,145,857,143,855,140,855,137,858,134,860,133,862,134,863,133,870,133,0.9023369747745105
851,132,854,134,855,136,856,139,855,141,853,143,850,144,838,144,833,142,830,143,828,144,824,143,822,144,813,143,810,141,810,140,809,137,809,133,810,132,813,131,839,132,846,131,0.8988675249390083
887,123,872,123,870,122,869,121,868,119,869,117,872,115,874,114,898,114,900,115,900,116,901,118,901,120,900,123,898,124,889,124,0.8913127609661647
853,123,851,122,842,122,839,120,838,117,840,113,845,112,848,113,857,113,859,114,867,114,868,115,872,117,870,121,868,123,859,123,857,122,855,122,0.8767333616644649
433,111,435,112,437,113,438,116,438,121,437,124,434,127,428,129,425,129,402,127,389,128,385,126,383,124,382,121,382,117,384,113,386,112,390,110,430,110,0.9357146749557075
505,126,503,124,502,121,502,117,503,114,505,112,508,112,525,110,528,110,533,112,534,112,537,112,539,114,538,119,536,122,535,123,532,125,529,126,525,127,508,127,0.8405630555417802
460,111,460,112,462,114,461,116,462,119,461,120,461,121,460,124,458,126,456,127,452,127,450,128,437,128,434,127,432,126,430,124,428,121,427,118,428,115,430,112,433,111,435,110,437,110,439,109,456,109,0.9259729557430622
813,119,812,119,810,118,809,116,809,114,810,112,811,112,813,111,819,111,820,112,829,112,830,112,831,112,833,112,834,112,836,113,837,115,837,117,836,120,833,122,830,122,829,121,820,121,818,120,815,120,0.8678307639701025
491,109,495,109,499,111,500,112,501,115,501,122,500,124,498,126,495,127,470,127,466,125,465,124,463,120,463,113,464,111,466,108,489,108,0.935013715409639
533,87,535,88,538,90,539,94,539,102,537,107,535,109,530,111,525,111,522,110,512,109,509,107,507,105,506,103,505,100,505,93,506,89,509,87,512,86,530,86,0.9301303373034305
845,88,848,90,849,91,861,89,862,89,901,92,905,93,909,96,911,99,911,102,910,107,908,110,905,112,904,112,852,108,847,106,846,105,845,106,841,107,822,104,820,103,818,98,818,95,819,92,820,90,825,87,829,86,0.8854825590260146
473,105,470,106,468,105,465,106,462,104,461,103,460,99,460,91,460,88,463,86,465,85,475,85,478,86,486,86,488,87,492,87,495,88,498,90,499,93,499,94,498,98,499,100,497,103,496,104,492,106,481,106,480,105,477,106,475,106,0.9228976398007944
416,106,409,106,403,103,400,101,400,93,402,89,404,86,407,85,424,85,427,86,429,89,429,90,431,93,431,94,432,95,434,98,433,101,430,103,428,104,427,104,424,105,418,105,0.9190855879409641
431,105,427,103,425,101,424,96,425,93,425,91,426,89,428,87,430,86,433,85,443,85,444,84,447,84,449,85,451,84,455,86,457,88,458,91,458,99,457,102,454,104,452,105,444,105,442,106,440,105,438,106,434,106,0.941542530261376
897,89,886,89,884,88,882,85,881,80,883,73,886,70,890,68,893,68,895,69,902,69,908,71,910,71,913,72,915,73,918,77,919,81,919,84,918,87,917,89,914,91,910,92,908,92,901,90,899,90,0.8973154711379927
530,67,533,68,535,70,536,72,536,80,535,83,532,85,529,86,507,83,492,83,488,82,485,80,483,77,482,73,483,70,484,68,486,67,490,65,0.9327698224516058
846,62,871,64,874,65,877,67,880,70,881,74,881,77,880,82,878,85,875,88,858,88,831,85,827,84,823,82,820,80,820,75,820,69,820,66,821,64,823,62,827,60,839,60,0.8966107667093315
450,80,440,80,436,78,435,77,433,73,433,68,434,65,437,63,440,62,457,62,459,63,462,64,463,63,469,65,472,67,473,69,473,74,472,77,470,79,468,80,465,81,453,81,0.9297590668290114
420,78,418,78,415,77,413,76,412,73,412,68,413,65,414,64,417,63,419,63,421,62,426,62,429,63,430,66,430,74,429,77,423,79,0.8179380518418771
522,58,521,57,519,53,519,48,520,45,522,43,525,41,528,40,530,40,532,41,543,41,545,42,546,42,549,43,551,47,552,52,552,55,551,57,549,59,545,61,540,61,539,60,526,60,0.9236583116758673
518,54,515,56,511,58,508,59,506,58,497,58,495,57,492,57,489,56,487,53,486,51,486,44,487,41,491,39,496,38,499,38,513,39,517,41,518,42,519,45,519,51,0.9415270337462426
474,37,480,37,484,39,485,40,487,44,487,49,486,52,483,54,478,56,475,57,473,56,459,56,455,54,454,53,452,49,452,43,453,40,456,38,458,37,460,37,461,36,471,36,0.9389395263206445
403,51,401,49,400,45,400,41,401,38,405,36,417,35,418,35,426,37,448,37,451,39,453,42,453,48,452,51,448,53,433,54,431,54,427,52,407,52,0.9276600288628023
525,35,524,34,523,32,523,26,524,23,526,22,529,21,531,21,534,22,536,22,539,22,540,23,542,24,543,27,543,32,542,35,540,36,536,37,532,36,528,36,0.8861562035701892
498,32,497,30,497,27,498,24,498,22,499,19,500,18,503,17,506,17,510,18,517,18,521,19,522,20,523,23,523,25,524,28,524,31,523,33,521,35,517,36,513,36,509,35,500,35,0.9287280033274395
466,33,464,32,462,30,461,27,461,23,462,22,462,21,463,18,466,16,468,15,489,16,493,18,494,19,496,22,496,28,495,31,491,34,486,35,483,34,469,34,0.9545002784301986
458,15,460,16,461,19,461,22,460,25,460,27,460,30,458,32,441,32,437,31,436,30,435,26,435,23,436,20,436,19,437,15,438,14,441,13,446,13,448,14,455,14,0.9361357548020103
437,25,436,27,433,30,422,30,419,29,417,27,416,23,416,17,417,13,418,12,421,11,426,11,430,12,431,13,432,13,433,14,435,17,437,22,0.900130904217561
